+918790734099
+916302770989
+918378996106
+917093146060
+919000533500
+919985677038
+918142142200
+919972203104
+918008505304
+919505080339
+919966201701
+919986632719
+918861306749
+919502146195
+919989915045
+919949864863
+919866752209
+916302112732
+919789262857
+919441702288
+919908208684
+919873345076
+919848797792
+918989998015
+919916467994
+917780346557
+918688888261
+917276698781
+918978954632
+919820038743
+919819935358
+919441457915
+917569382118
+919502957467
+917354450814
+916305381586
+917993037360
+919394882777
+918099526224
+919686602002
+918147846239
+919704822260
+919010208191
+917675035910
+917569218510
+919985392117
+919553823410
+918999301425
+918008413481
+919066740370
+919866192796
